$ 1 5.0E-6 12.050203812241895 50 5.0 50
f 464 160 512 160 1 1.5
f 560 352 608 352 1 1.5
t 320 416 384 416 0 1 -4.999999999 0.0 100.0
t 208 160 288 160 0 1 -5.0 -5.000004335779939E-10 100.0
r 384 304 384 368 0 10000.0
r 288 192 288 256 0 10000.0
w 288 176 288 192 0
w 384 384 544 384 0
w 288 192 432 192 0
R 288 96 288 80 0 0 40.0 5.0 0.0 0.0 0.5
R 512 96 512 80 0 0 40.0 5.0 0.0 0.0 0.5
R 608 304 608 288 0 0 40.0 5.0 0.0 0.0 0.5
R 384 288 384 272 0 0 40.0 5.0 0.0 0.0 0.5
g 384 432 384 464 0
g 608 448 608 480 0
g 512 240 512 272 0
g 288 256 288 272 0
w 288 96 288 144 0
w 384 288 384 304 0
w 608 304 608 336 0
w 512 96 512 144 0
w 320 416 224 416 0
w 720 400 736 400 0
L 208 160 176 160 0 0 false 5.0 0.0
w 432 160 432 192 0
w 432 192 432 224 0
w 544 352 544 384 0
w 544 432 544 384 0
w 720 400 608 400 0
w 608 368 608 400 0
w 608 416 608 400 0
w 384 400 384 384 0
w 384 368 384 384 0
w 736 192 512 192 0
w 512 192 512 176 0
w 512 208 512 192 0
w 208 160 208 416 0
w 208 416 224 416 0
r 736 208 736 368 0 20.0
w 432 160 464 160 0
w 560 352 544 352 0
w 432 224 464 224 0
f 464 224 512 224 0 1.5
f 560 432 608 432 0 1.5
w 544 432 560 432 0
w 736 368 736 400 0
w 736 208 736 192 0
o 38 64 0 35 5.0 0.4 0 -1
